kinematics:
  shoulder:
    x: 0
    y: 0
    z: 0.08917792063608455
    roll: -0
    pitch: 0
    yaw: 1.275706354115557e-05
  upper_arm:
    x: 0.0002147139087374781
    y: 0
    z: 0
    roll: 1.570439767658171
    pitch: 0
    yaw: 3.442593151594946e-05
  forearm:
    x: -0.4249218301106639
    y: 0
    z: 0
    roll: 0.0003793392895407152
    pitch: 0.0006939156211530704
    yaw: 8.399700704284737e-05
  wrist_1:
    x: -0.3918911402228473
    y: 0.00100761269086278
    z: 0.1106484050193084
    roll: 3.132486468649816
    pitch: 3.139965229823304
    yaw: 3.141522714968634
  wrist_2:
    x: -4.078712334866227e-05
    y: -0.09492331652323492
    z: 7.462736829003081e-05
    roll: 1.570010141106828
    pitch: 0
    yaw: -9.439329256153515e-05
  wrist_3:
    x: 7.264013518253176e-05
    y: 0.08264506149665828
    z: 8.052455597147499e-06
    roll: 1.570893760996358
    pitch: 3.141592653589793
    yaw: -3.141512856515765
  hash: calib_16286989759000824266